9.900990099009901110e-03
1.990199019901990260e-02
2.990299029902990235e-02
3.990399039903990558e-02
4.990499049904990880e-02
5.990599059905991203e-02
6.990699069906990137e-02
7.990799079907991154e-02
8.990899089908990782e-02
9.990999099909990411e-02
1.099109910991099143e-01
1.199119911991199106e-01
1.299129912991299207e-01
1.399139913991399309e-01
1.499149914991499410e-01
1.599159915991599235e-01
1.699169916991699336e-01
1.799179917991799438e-01
1.899189918991899262e-01
1.999199919991999363e-01
2.099209920992099465e-01
2.199219921992199289e-01
2.299229922992299391e-01
2.399239923992399492e-01
2.499249924992499317e-01
2.599259925992599696e-01
2.699269926992699520e-01
2.799279927992799344e-01
2.899289928992899723e-01
2.999299929992999547e-01
3.099309930993099371e-01
3.199319931993199750e-01
3.299329932993299574e-01
3.399339933993399399e-01
3.499349934993499778e-01
3.599359935993599602e-01
3.699369936993699426e-01
3.799379937993799805e-01
3.899389938993899629e-01
3.999399939993999453e-01
4.099409940994099832e-01
4.199419941994199656e-01
4.299429942994299481e-01
4.399439943994399860e-01
4.499449944994499684e-01
4.599459945994599508e-01
4.699469946994699887e-01
4.799479947994799711e-01
4.899489948994899535e-01
4.999499949994999914e-01
5.099509950995100294e-01
5.199519951995199563e-01
5.299529952995299942e-01
5.399539953995400321e-01
5.499549954995499590e-01
5.599559955995599969e-01
5.699569956995700348e-01
5.799579957995799617e-01
5.899589958995899996e-01
5.999599959996000376e-01
6.099609960996099645e-01
6.199619961996200024e-01
6.299629962996300403e-01
6.399639963996399672e-01
6.499649964996500051e-01
6.599659965996600430e-01
6.699669966996699699e-01
6.799679967996800078e-01
6.899689968996900458e-01
6.999699969996999727e-01
7.099709970997100106e-01
7.199719971997200485e-01
7.299729972997299754e-01
7.399739973997400133e-01
7.499749974997500512e-01
7.599759975997599781e-01
7.699769976997700160e-01
7.799779977997800540e-01
7.899789978997899809e-01
7.999799979998000188e-01
8.099809980998100567e-01
8.199819981998199836e-01
8.299829982998300215e-01
8.399839983998400594e-01
8.499849984998499863e-01
8.599859985998600242e-01
8.699869986998700622e-01
8.799879987998799891e-01
8.899889988998900270e-01
8.999899989999000649e-01
9.099909990999099918e-01
9.199919991999200297e-01
9.299929992999300676e-01
9.399939993999399945e-01
9.499949994999500325e-01
9.599959995999600704e-01
9.699969996999699973e-01
9.799979997999800352e-01
9.899989998999900731e-01
1.000000000000000000e+00